SampleID	Chr	Start	End	nProbes	mBAF	logR
sample_1	1	888659	46733105	714	0.279	-0.548
sample_1	1	46746164	75175886	240	0.409	-0.132
sample_1	1	75609049	120506108	365	0.302	-0.353
sample_1	1	144865627	248814080	1340	0.373	0.022
sample_1	2	234130	215632192	1491	0.5	0.13
sample_1	2	215645135	242662621	334	0.277	-0.436
sample_1	3	367757	78717508	730	0.289	-0.443
sample_1	3	81698119	145838895	449	0.412	-0.131
sample_1	3	145912177	172835290	124	0.267	0.657
sample_1	3	178560581	197846636	199	0.249	0.495
sample_1	4	85800	26491768	278	0.413	-0.151
sample_1	4	36083780	190862182	779	0.422	-0.012
sample_1	5	163769	43702887	302	0.5	0.088
sample_1	5	52097764	108386985	294	0.398	0.028
sample_1	5	108388206	180670251	624	0.288	-0.413
sample_1	6	348443	58777385	841	0.286	-0.454
sample_1	6	63939938	170873571	695	0.5	0.039
sample_1	7	803342	57528311	483	0.5	0.134
sample_1	7	63028180	158889282	717	0.5	0.066
sample_1	8	441776	33451130	477	0.264	-0.297
sample_1	8	35407089	62416074	112	0.5	0.134
sample_1	8	62429940	90949425	92	0.346	-0.388
sample_1	8	90960043	146171437	305	0.5	0.081
sample_1	9	271638	40784142	352	0.301	-0.424
sample_1	9	71098987	141071475	807	0.379	0.428
sample_1	10	294165	43291861	304	0.5	0.126
sample_1	10	43319197	135373591	853	0.289	-0.436
sample_1	11	198510	49860762	582	0.411	-0.118
sample_1	11	55065192	134244123	932	0.415	-0.191
sample_1	12	250239	34176861	449	0.5	0.204
sample_1	12	38600896	133698537	1037	0.409	-0.183
sample_1	13	19254916	53617421	307	0.5	0.083
sample_1	13	67205520	78475313	32	0.495	0.289
sample_1	13	86369120	86929266	4	0.451	-0.084
sample_1	13	92101206	115064542	185	0.5	0.155
sample_1	14	20389721	24709351	189	0.5	-0.018
sample_1	14	24711051	83158468	455	0.278	-0.367
sample_1	14	88400353	105916420	197	0.244	-0.21
sample_1	15	21937313	102369379	973	0.5	0.043
sample_1	16	107162	34339301	464	0.5	-0.075
sample_1	16	46705576	56973461	104	0.271	0.944
sample_1	16	57005301	90141477	502	0.292	-0.577
sample_1	17	169399	15586150	333	0.203	-0.085
sample_1	17	15688147	81006629	922	0.5	0.005
sample_1	18	196829	77893683	482	0.5	0.221
sample_1	19	327323	59082605	1190	0.5	-0.157
sample_1	20	76962	29873957	251	0.408	0.369
sample_1	20	29896333	62904542	419	0.281	-0.533
sample_1	21	10906723	48022230	335	0.468	0.077
sample_1	22	16953727	51063477	597	0.5	-0.152
sample_2	1	888659	29581937	517	0.356	-0.617
sample_2	1	29631909	248814080	2430	0.5	-0.243
sample_2	2	234130	101031561	793	0.5	-0.209
sample_2	2	101086966	153493286	327	0.367	-0.513
sample_2	2	153519768	242662621	928	0.5	-0.202
sample_2	3	367757	93605126	814	0.353	-0.477
sample_2	3	93646209	197846636	854	0.485	-0.182
sample_2	4	85800	130060230	936	0.5	-0.198
sample_2	4	135121368	178353046	178	0.5	-0.12
sample_2	4	183574838	190862182	90	0.5	-0.266
sample_2	5	145147	43702887	350	0.5	-0.042
sample_2	5	52097764	180670251	1014	0.366	-0.452
sample_2	6	348443	33173842	567	0.5	-0.29
sample_2	6	33178010	58777385	353	0.372	-0.485
sample_2	6	63939938	170873571	784	0.5	-0.166
sample_2	7	803244	158829285	1343	0.5	-0.255
sample_2	8	400168	42711606	582	0.365	-0.495
sample_2	8	48068797	146171437	522	0.5	-0.3
sample_2	9	271638	40784142	402	0.293	-0.237
sample_2	9	71098987	141071475	905	0.5	-0.22
sample_2	10	294145	135373591	1272	0.366	-0.535
sample_2	11	198510	73611520	987	0.5	-0.246
sample_2	11	73632694	134244123	665	0.357	-0.562
sample_2	12	250130	133698537	1671	0.5	-0.213
sample_2	13	19254916	86929266	390	0.371	-0.452
sample_2	13	92101206	115064542	208	0.362	-0.594
sample_2	14	20389721	105916420	906	0.361	-0.48
sample_2	15	21937313	102369379	1057	0.367	-0.512
sample_2	16	107162	34339301	498	0.365	-0.605
sample_2	16	46705576	90141477	637	0.5	-0.519
sample_2	17	169399	81006629	1403	0.5	-0.266
sample_2	18	196829	77893683	545	0.5	-0.136
sample_2	19	327323	23926708	580	0.5	-0.366
sample_2	19	30312874	59082605	697	0.5	-0.288
sample_2	20	76962	62904542	750	0.5	-0.218
sample_2	21	10906723	48022230	377	0.5	-0.198
sample_2	22	16953727	51063477	659	0.37	-0.584
sample_3	1	888659	17720545	289	0.5	-0.3
sample_3	1	18014420	35223345	274	0.334	-0.693
sample_3	1	35259961	120506108	892	0.5	-0.295
sample_3	1	144865627	248814080	1461	0.252	-0.374
sample_3	2	234130	46818992	420	0.389	0.02
sample_3	2	47134904	131674471	587	0.5	-0.267
sample_3	2	131688587	242662621	1011	0.318	-0.68
sample_3	3	367757	9972493	99	0.5	-0.027
sample_3	3	10081545	112185025	799	0.319	-0.648
sample_3	3	112251775	132207368	267	0.237	-0.281
sample_3	3	132218623	193854657	458	0.5	0.124
sample_3	3	194061826	197846636	42	0.275	-0.159
sample_3	4	85800	44653518	383	0.325	-0.589
sample_3	4	46086060	130060230	529	0.5	-0.297
sample_3	4	135121368	190862182	252	0.316	-0.638
sample_3	5	145147	43652072	346	0.358	0.058
sample_3	5	52097764	180670251	986	0.323	-0.64
sample_3	6	348443	58777385	929	0.5	-0.201
sample_3	6	63939938	127606588	333	0.5	-0.251
sample_3	6	127677391	163986482	372	0.321	-0.685
sample_3	6	165713961	170873571	59	0.5	-0.146
sample_3	7	803342	57528311	521	0.5	-0.419
sample_3	7	63028180	158889282	773	0.5	-0.375
sample_3	8	441776	42711606	566	0.327	-0.71
sample_3	8	48068797	146171437	518	0.5	-0.276
sample_3	9	271638	141071475	1225	0.325	-0.672
sample_3	10	287811	45467204	354	0.5	-0.396
sample_3	10	45478092	135373591	875	0.324	-0.707
sample_3	11	198510	16877497	360	0.31	-0.724
sample_3	11	17111272	49860762	256	0.5	-0.379
sample_3	11	55065192	134244123	1008	0.5	-0.477
sample_3	12	250239	133698537	1575	0.354	-0.604
sample_3	13	19254916	53617421	349	0.306	-0.546
sample_3	13	67205520	115064542	259	0.233	-0.194
sample_3	14	20389721	105916420	875	0.309	-0.561
sample_3	15	21937313	102369379	1079	0.5	-0.341
sample_3	16	107162	3187733	83	0.331	-0.304
sample_3	16	3254622	87788836	937	0.333	-0.746
sample_3	16	87788864	90141477	76	0.5	-0.168
sample_3	17	169399	81006629	1303	0.324	-0.657
sample_3	18	196829	77893683	525	0.35	-0.541
sample_3	19	327323	11099775	295	0.5	-0.349
sample_3	19	11105865	23938561	260	0.319	-0.784
sample_3	19	30312874	59082605	678	0.26	-0.441
sample_3	20	76962	36375071	420	0.5	-0.148
sample_3	20	36624756	62904542	308	0.303	-0.628
sample_3	21	10906723	48069930	354	0.311	-0.608
sample_3	22	16953727	51063477	632	0.322	-0.573
sample_4	1	888659	248814080	3030	0.5	-0.098
sample_4	2	234130	242662621	2084	0.479	-0.064
sample_4	3	367757	197846636	1708	0.5	-0.157
sample_4	4	85800	190878907	1231	0.5	-0.095
sample_4	5	145147	44305515	350	0.5	-0.138
sample_4	5	52097764	180670251	1050	0.5	-0.028
sample_4	6	348443	170891043	1720	0.454	-0.163
sample_4	7	803342	158889282	1391	0.5	-0.126
sample_4	8	400168	42711606	602	0.5	-0.254
sample_4	8	48068797	146171437	535	0.5	-0.072
sample_4	9	271638	141071475	1326	0.5	-0.232
sample_4	10	294145	135373768	1342	0.5	-0.178
sample_4	11	198510	134244123	1691	0.5	-0.085
sample_4	12	250239	133698537	1707	0.5	-0.163
sample_4	13	19254916	53617421	363	0.5	-0.158
sample_4	13	67205520	78475481	36	0.438	0.087
sample_4	13	86369120	86929266	4	0.484	0.062
sample_4	13	92101206	115064542	219	0.5	-0.156
sample_4	14	20389721	105916420	935	0.423	-0.193
sample_4	15	21937313	102369379	1116	0.5	-0.164
sample_4	16	107162	90141477	1192	0.398	-0.121
sample_4	17	169399	18044270	406	0.439	-0.36
sample_4	17	18045098	81006629	1009	0.5	-0.126
sample_4	18	196829	77893683	555	0.5	-0.216
sample_4	19	327323	59082605	1276	0.5	-0.295
sample_4	20	76962	62904542	776	0.5	-0.261
sample_4	21	10906723	48022230	389	0.448	-0.142
sample_4	22	16953727	51063477	685	0.5	-0.242
sample_5	1	888659	45800156	703	0.5	-0.302
sample_5	1	45973928	120506108	665	0.5	0.002
sample_5	1	144866688	248814080	1365	0.5	0.383
sample_5	2	234130	242662621	1879	0.5	0.124
sample_5	3	367757	101540638	803	0.5	-0.062
sample_5	3	101572290	173322248	540	0.5	0.233
sample_5	3	183035721	197846636	183	0.5	0.038
sample_5	4	85800	26491768	293	0.5	-0.212
sample_5	4	36083780	178353046	738	0.5	0.083
sample_5	4	183574838	190862182	87	0.248	-0.104
sample_5	5	145147	230980	11	0.202	-0.684
sample_5	5	276200	43702887	308	0.322	0.148
sample_5	5	52097764	180670251	967	0.5	0.021
sample_5	6	348443	58777385	861	0.5	-0.107
sample_5	6	63939938	170858045	720	0.5	0.146
sample_5	7	803342	158829285	1257	0.5	0.11
sample_5	8	194884	42711606	560	0.5	-0.039
sample_5	8	48068797	139144914	399	0.5	0.126
sample_5	8	139164570	146171437	78	0.277	-0.419
sample_5	9	271638	141071475	1207	0.5	-0.046
sample_5	10	287811	135373768	1189	0.5	-0.04
sample_5	11	198510	134244123	1555	0.429	-0.079
sample_5	12	250239	133698537	1549	0.5	0.037
sample_5	13	19254916	53617421	324	0.5	0.034
sample_5	13	60587088	60848942	3	0.272	0.356
sample_5	13	67205520	86929266	33	0.274	0.076
sample_5	13	92101206	115064542	199	0.5	-0.101
sample_5	14	20389721	105916420	861	0.32	0.04
sample_5	15	21937313	102369379	1017	0.297	-0.043
sample_5	16	107162	90141477	1089	0.5	-0.162
sample_5	17	169399	81006629	1276	0.5	-0.084
sample_5	18	196829	77893683	500	0.5	0.13
sample_5	19	327323	59082605	1170	0.5	-0.325
sample_5	20	76962	62904542	680	0.5	0.02
sample_5	21	10906723	48022230	356	0.5	-0.134
sample_5	22	16953727	51063477	608	0.327	0.043
sample_6	1	888659	120506108	1386	0.5	-0.28
sample_6	1	144865627	248814080	1403	0.5	0.094
sample_6	2	234130	239082440	1863	0.5	-0.042
sample_6	2	239093788	242662621	57	0.338	0.163
sample_6	3	367757	121414061	943	0.42	-0.173
sample_6	3	121507231	172835290	409	0.5	0.023
sample_6	3	178560581	197846636	210	0.5	-0.108
sample_6	4	85800	130060230	880	0.467	-0.144
sample_6	4	135121368	178274835	166	0.5	-0.037
sample_6	4	183574838	190862182	84	0.441	-0.391
sample_6	5	145147	43702887	330	0.5	-0.021
sample_6	5	52097764	180670251	959	0.5	-0.143
sample_6	6	348443	58777385	859	0.5	-0.096
sample_6	6	63939938	170873571	743	0.5	-0.275
sample_6	7	803342	56718499	515	0.5	0.069
sample_6	7	63028180	158829285	756	0.5	-0.074
sample_6	8	194884	42711606	561	0.5	-0.142
sample_6	8	48068797	146171437	494	0.432	0.055
sample_6	9	271638	40784142	373	0.407	-0.244
sample_6	9	71098987	141071475	829	0.5	-0.165
sample_6	10	294953	135373591	1193	0.5	-0.172
sample_6	11	198510	49860762	595	0.5	-0.268
sample_6	11	55065192	113078586	606	0.5	-0.018
sample_6	11	113113858	134244123	355	0.436	-0.302
sample_6	12	250130	133698537	1567	0.5	-0.157
sample_6	13	19254916	53617421	327	0.5	0.085
sample_6	13	67205520	78475313	34	0.5	-0.116
sample_6	13	86369120	115064542	207	0.499	-0.224
sample_6	14	20389721	105916420	869	0.5	0.002
sample_6	15	21937313	102369379	1037	0.5	-0.264
sample_6	16	107162	90141477	1104	0.454	-0.24
sample_6	17	169399	20914284	422	0.387	-0.209
sample_6	17	20914635	56598991	497	0.5	0.11
sample_6	17	56643109	81006629	382	0.277	0.336
sample_6	18	196829	77893683	503	0.41	-0.185
sample_6	19	327323	59082605	1181	0.5	-0.221
sample_6	20	76962	62904542	705	0.5	-0.178
sample_6	21	10906723	48022230	354	0.386	-0.191
sample_6	22	16953727	51063477	603	0.384	-0.183
sample_7	1	888659	35223345	575	0.5	-0.29
sample_7	1	35259961	120506108	863	0.5	0.111
sample_7	1	144865627	248814080	1451	0.5	0.214
sample_7	2	41404	232321956	1825	0.5	0.224
sample_7	2	232457857	242662621	177	0.5	-0.221
sample_7	3	367757	141011630	1236	0.5	-0.032
sample_7	3	141145046	173322248	169	0.5	0.578
sample_7	3	178560581	197846636	219	0.5	0.309
sample_7	4	85800	26491768	299	0.5	-0.285
sample_7	4	36083780	130060230	603	0.5	0.239
sample_7	4	135121368	178274835	173	0.5	0.393
sample_7	4	183574838	190862182	86	0.5	0.012
sample_7	5	145147	44305515	337	0.5	0.339
sample_7	5	52097764	180670251	1012	0.5	0.008
sample_7	6	348443	170891043	1659	0.5	0.119
sample_7	7	803342	57528311	537	0.5	-0.094
sample_7	7	63028180	158889282	776	0.5	0.13
sample_7	8	441457	42711606	574	0.5	0.063
sample_7	8	48068797	134108718	407	0.5	0.345
sample_7	8	134125682	146171437	102	0.5	-0.407
sample_7	9	271638	40784142	386	0.5	0.023
sample_7	9	71098987	141071475	872	0.5	-0.151
sample_7	10	287811	135373591	1270	0.5	0.033
sample_7	11	198510	134244123	1629	0.5	-0.051
sample_7	12	250130	133698537	1612	0.5	0.083
sample_7	13	19254916	53617421	341	0.5	0.088
sample_7	13	65883830	78475313	32	0.31	0.218
sample_7	13	86369120	86929266	4	0.484	0.583
sample_7	13	92101206	115064542	216	0.5	-0.082
sample_7	14	20389721	105916420	895	0.5	0.113
sample_7	15	21937313	102369379	1071	0.5	-0.09
sample_7	16	107162	34739571	505	0.376	-0.197
sample_7	16	46705576	90141477	634	0.5	-0.358
sample_7	17	169399	81006629	1345	0.5	-0.195
sample_7	18	196829	77893683	524	0.5	0.189
sample_7	19	327323	23926708	561	0.5	-0.407
sample_7	19	30283690	59082605	686	0.5	-0.274
sample_7	20	76962	62904542	739	0.5	-0.023
sample_7	21	10906723	48022230	375	0.5	-0.116
sample_7	22	16953727	51063477	648	0.5	-0.132
sample_8	1	888659	77752622	1211	0.357	-0.324
sample_8	1	77987594	190123195	1348	0.5	-0.289
sample_8	1	193028121	248814080	827	0.434	-0.09
sample_8	2	234130	242662621	2330	0.5	-0.26
sample_8	3	367757	197846636	1913	0.5	-0.257
sample_8	4	85800	190862182	1341	0.5	-0.22
sample_8	5	145147	180670251	1552	0.5	-0.242
sample_8	6	348443	58777385	1030	0.5	-0.084
sample_8	6	63939938	117643433	329	0.356	-0.241
sample_8	6	117646380	170873571	549	0.5	-0.443
sample_8	7	803244	57528311	626	0.5	0.353
sample_8	7	63028180	116317877	424	0.5	0.315
sample_8	7	116319002	158889282	465	0.398	-0.16
sample_8	8	194884	146171437	1237	0.353	-0.236
sample_8	9	271638	141071475	1461	0.5	-0.262
sample_8	10	287811	135373768	1500	0.5	-0.301
sample_8	11	198510	134244123	1869	0.5	-0.202
sample_8	12	250130	133698537	1874	0.5	-0.272
sample_8	13	19254916	53623914	404	0.5	-0.214
sample_8	13	60587088	60848942	3	0.452	0.22
sample_8	13	65883830	78477897	44	0.449	-0.224
sample_8	13	92101206	115064542	242	0.459	-0.235
sample_8	14	20389721	105916420	1039	0.351	-0.27
sample_8	15	21937313	102369379	1229	0.5	-0.293
sample_8	16	107162	34739571	580	0.5	-0.337
sample_8	16	46705576	90141477	737	0.5	-0.313
sample_8	17	169399	81006629	1564	0.5	-0.298
sample_8	18	196829	77893683	619	0.5	-0.221
sample_8	19	327323	59082605	1413	0.5	-0.337
sample_8	20	76962	42355169	549	0.5	-0.297
sample_8	20	42574362	56735759	237	0.352	-0.325
sample_8	20	56796528	62904542	80	0.5	0.422
sample_8	21	10906723	48069930	436	0.5	-0.281
sample_8	22	16953727	51063477	759	0.5	-0.342
